29 4208 1 4152
53 4208 1 4152
77 4208 1 4152
101 4208 1 4152
125 4208 0 4152
127 4216 1 4128
157 4208 1 4152
181 4208 1 4152
205 4208 1 4152
229 4208 1 4152
253 4208 0 4152
255 4216 1 4128
285 4208 1 4152
309 4208 1 4152
333 4208 1 4152
357 4208 1 4152
381 4208 0 4152
383 4216 1 4128
413 4208 1 4152
437 4208 1 4152
461 4208 1 4152
485 4208 1 4152
509 4208 0 4152
511 4216 1 4128
541 4208 1 4152
565 4208 1 4152
589 4208 1 4152
613 4208 1 4152
637 4208 0 4152
639 4216 0 4128
641 4224 1 4124
673 4208 1 4152
697 4208 1 4152
721 4208 1 4152
745 4208 1 4152
769 4208 0 4152
771 4216 1 4128
801 4208 1 4152
825 4208 1 4152
849 4208 1 4152
873 4208 1 4152
897 4208 0 4152
899 4216 1 4128
929 4208 1 4152
953 4208 1 4152
977 4208 1 4152
1001 4208 1 4152
1025 4208 0 4152
1027 4216 1 4128
1057 4208 1 4152
1081 4208 1 4152
1105 4208 1 4152
1129 4208 1 4152
1153 4208 0 4152
1155 4216 1 4128
1185 4208 1 4152
1209 4208 1 4152
1233 4208 1 4152
1257 4208 1 4152
1281 4208 0 4152
1283 4216 0 4128
1285 4224 1 4124
1317 4208 1 4152
1341 4208 1 4152
1365 4208 1 4152
1389 4208 1 4152
1413 4208 0 4152
1415 4216 1 4128
1445 4208 1 4152
1469 4208 1 4152
1493 4208 1 4152
1517 4208 1 4152
1541 4208 0 4152
1543 4216 1 4128
1573 4208 1 4152
1597 4208 1 4152
1621 4208 1 4152
1645 4208 1 4152
1669 4208 0 4152
1671 4216 1 4128
1701 4208 1 4152
1725 4208 1 4152
1749 4208 1 4152
1773 4208 1 4152
1797 4208 0 4152
1799 4216 1 4128
1829 4208 1 4152
1853 4208 1 4152
1877 4208 1 4152
1901 4208 1 4152
1925 4208 0 4152
1927 4216 0 4128
1929 4224 1 4124
1961 4208 1 4152
1985 4208 1 4152
2009 4208 1 4152
2033 4208 1 4152
2057 4208 0 4152
2059 4216 1 4128
2089 4208 1 4152
2113 4208 1 4152
2137 4208 1 4152
2161 4208 1 4152
2185 4208 0 4152
2187 4216 1 4128
2217 4208 1 4152
2241 4208 1 4152
2265 4208 1 4152
2289 4208 1 4152
2313 4208 0 4152
2315 4216 1 4128
2345 4208 1 4152
2369 4208 1 4152
2393 4208 1 4152
2417 4208 1 4152
2441 4208 0 4152
2443 4216 1 4128
2473 4208 1 4152
2497 4208 1 4152
2521 4208 1 4152
2545 4208 1 4152
2569 4208 0 4152
2571 4216 0 4128
2573 4224 1 4124
2605 4208 1 4152
2629 4208 1 4152
2653 4208 1 4152
2677 4208 1 4152
2701 4208 0 4152
2703 4216 1 4128
2733 4208 1 4152
2757 4208 1 4152
2781 4208 1 4152
2805 4208 1 4152
2829 4208 0 4152
2831 4216 1 4128
2861 4208 1 4152
2885 4208 1 4152
2909 4208 1 4152
2933 4208 1 4152
2957 4208 0 4152
2959 4216 1 4128
2989 4208 1 4152
3013 4208 1 4152
3037 4208 1 4152
3061 4208 1 4152
3085 4208 0 4152
3087 4216 1 4128
3117 4208 1 4152
3141 4208 1 4152
3165 4208 1 4152
3189 4208 1 4152
3213 4208 0 4152
3215 4216 0 4128
3217 4224 0 4124
3219 4232 1 4236
-1 -1 -1 -1
-2 -2 -2 -2
